AA	Substate	i_P5	i_P4	i_P3	i_P2	i_P1	i_P1'	i_P2'	i_P3'	i_P4'	i_P5'	t_P5	t_P4	t_P3	t_P2	t_P1	t_P1'	t_P2'	t_P3'	t_P4'	t_P5'
D	4.7	4.3	2.9	4.3	1.4	1.4	2.9	10.3	7.4	4.4	7.4	3.1	3.1	3.7	1.2	5.5	3.7	7.5	3.8	8.2	4.4
E	7.4	5.7	4.3	15.7	5.7	1.4	4.3	7.4	10.3	5.9	13.2	4.3	6.1	3.7	6.7	9.1	6.8	6.3	8.8	8.8	7.6
K	6.6	4.3	2.9	4.3	8.6	0	8.7	7.4	2.9	10.3	5.9	11	4.9	6.1	6.7	7.9	5	1.3	4.4	5.7	10.1
R	3.2	1.4	2.9	2.9	4.3	4.3	5.8	2.9	1.5	4.4	4.4	4.3	3.1	3.7	3.1	4.9	3.1	3.8	5	5.7	5.7
H	2.1	1.4	0	4.3	7.1	0	4.3	4.4	1.5	2.9	2.9	1.8	3.1	2.5	3.7	1.8	4.3	5.6	3.1	3.1	3.2
L	9.5	14.3	11.4	12.9	7.1	32.9	4.3	10.3	10.3	4.4	2.9	9.8	8	8	6.7	14	5.6	12.5	6.9	6.9	4.4
I	5.6	2.9	1.4	5.7	4.3	11.4	0	5.9	4.4	4.4	4.4	3.1	4.9	6.7	6.1	4.3	0.6	6.9	5.7	5.7	5.1
V	8.1	7.1	18.6	10	11.4	5.7	2.9	4.4	5.9	10.3	11.8	9.2	8.6	14.1	11.7	10.4	5.6	9.4	8.2	5.7	8.2
M	2.9	2.9	1.4	1.4	5.7	2.9	4.3	1.5	0	0	0	1.8	1.2	1.8	1.8	2.4	3.7	2.5	1.3	0.6	0
F	4.3	7.1	14.3	5.7	7.1	14.3	5.8	1.5	1.5	0	4.4	4.3	6.1	5.5	3.7	7.3	2.5	6.3	6.9	5	5.7
Y	2.2	0	2.9	1.4	2.9	4.3	2.9	0	1.5	0	0	3.1	4.3	3.1	3.7	3	1.9	3.1	4.4	3.1	0.6
W	0.9	2.9	2.9	0	1.4	1.4	1.4	1.5	1.5	1.5	1.5	1.2	1.2	0.6	0.6	0.6	1.2	0.6	0	0	0
P	6.1	12.9	7.1	5.7	0	0	4.3	2.9	4.4	5.9	5.9	7.4	10.4	5.5	1.8	1.2	3.7	5.6	5	6.9	7.6
G	5.8	4.3	4.3	1.4	1.4	0	7.2	10.3	11.8	7.4	4.4	5.5	8	4.9	4.3	1.2	6.8	6.3	5.7	4.4	10.1
A	9.5	10	5.7	4.3	7.1	14.3	13	10.3	7.4	8.8	5.9	11.7	8	12.3	12.3	14.6	14.3	9.4	10.1	10.7	10.8
S	8.1	4.3	10	8.6	11.4	4.3	10.1	4.4	10.3	11.8	8.8	6.1	6.1	6.1	7.4	4.3	13.7	5.6	6.9	5.7	6.3
T	4.2	2.9	2.9	2.9	1.4	0	5.8	5.9	5.9	7.4	4.4	3.7	3.1	1.8	6.7	1.2	6.2	2.5	3.8	3.8	1.3
N	3.9	4.3	1.4	2.9	4.3	1.4	7.2	1.5	5.9	1.5	8.8	1.8	2.5	2.5	3.7	3	4.3	1.9	2.5	3.8	3.8
Q	4.3	5.7	2.9	5.7	5.7	0	4.3	5.9	4.4	8.8	1.5	5.5	5.5	6.1	6.1	3	5	1.9	5.7	5	4.4
C	0.8	1.4	0	0	1.4	0	0	1.5	1.5	0	1.5	1.2	1.8	1.2	1.8	0	1.9	1.3	1.9	1.3	0.6
